00000001        0
00000002        0
00000003        0
00000004        0
00000005        0
00000006        0
00000007        0
00000008        0
00000009        0
00000010        0
00000011        0
00000012        0
00000013        0
00000014        0
00000015        0
00000016        0
00000017        0
00000018        1
00000019        1
00000020        1
00000021        1
00000022        1
00000023        0
00000024        1
00000025        2
00000026        2
00000027        3
00000028        1
00000029        1
00000030        0
00000031        1
00000032        2
00000033        2
00000034        0
00000035        2
00000036        3
00000037        3
00000038        3
00000039        7
00000040        8
00000041        3
00000042        3
00000043       13
00000044        8
00000045        6
00000046        4
00000047        4
00000048        8
00000049        9
00000050        8
00000051        5
00000052        7
00000053        6
00000054        6
00000055        8
00000056        4
00000057        7
00000058        5
00000059        7
00000060        8
00000061        8
00000062        5
00000063        8
00000064        8
00000065        8
00000066        7
00000067        9
00000068        7
00000069       11
00000070       15
00000071       14
00000072       10
00000073       22
00000074       10
00000075       23
00000076       26
00000077       32
00000078       43
00000079       57
00000080       87
00000081      130
00000082      217
00000083      324
00000084      468
00000085      646
00000086      717
00000087      834
00000088     1107
00000089     1271
00000090     1577
00000091     1621
00000092     1680
00000093     1485
00000094     1261
00000095     1060
00000096     1017
00000097      995
00000098     1032
00000099     1039
00000100     1064
00000101     1135
00000102     1166
00000103     1218
00000104     1362
00000105     1369
00000106     1462
00000107     1516
00000108     1547
00000109     1649
00000110     1683
00000111     1766
00000112     1861
00000113     1957
00000114     1964
00000115     2145
00000116     2121
00000117     2147
00000118     2093
00000119     2202
00000120     2204
00000121     2265
00000122     2191
00000123     2288
00000124     2294
00000125     2477
00000126     2483
00000127     2600
00000128     2724
00000129     2657
00000130     2715
00000131     2771
00000132     2675
00000133     2638
00000134     2777
00000135     2713
00000136     2659
00000137     2526
00000138     2468
00000139     2494
00000140     2434
00000141     2354
00000142     2218
00000143     2181
00000144     2096
00000145     2072
00000146     1930
00000147     1916
00000148     1873
00000149     1766
00000150     1751
00000151     1653
00000152     1598
00000153     1590
00000154     1469
00000155     1447
00000156     1438
00000157     1374
00000158     1353
00000159     1338
00000160     1263
00000161     1334
00000162     1212
00000163     1216
00000164     1159
00000165     1162
00000166     1119
00000167     1145
00000168     1077
00000169     1109
00000170     1087
00000171     1070
00000172     1011
00000173      954
00000174     1042
00000175      934
00000176      987
00000177      957
00000178      910
00000179      941
00000180      914
00000181      935
00000182      907
00000183      936
00000184      886
00000185      839
00000186      858
00000187      903
00000188      797
00000189      764
00000190      816
00000191      692
00000192      739
00000193      777
00000194      710
00000195      655
00000196      673
00000197      710
00000198      612
00000199      574
00000200      628
00000201      648
00000202      570
00000203      587
00000204      532
00000205      513
00000206      525
00000207      523
00000208      495
00000209      456
00000210      485
00000211      501
00000212      532
00000213      541
00000214      537
00000215      576
00000216      585
00000217      696
00000218      754
00000219      800
00000220      903
00000221     1063
00000222     1200
00000223     1380
00000224     1541
00000225     1725
00000226     1962
00000227     2134
00000228     2355
00000229     2640
00000230     2818
00000231     2947
00000232     3080
00000233     3170
00000234     3202
00000235     3027
00000236     2786
00000237     2573
00000238     2394
00000239     2078
00000240     1807
00000241     1482
00000242     1427
00000243     1175
00000244     1016
00000245      851
00000246      768
00000247      702
00000248      634
00000249      603
00000250      524
00000251      577
00000252      529
00000253      507
00000254      520
00000255      442
00000256      460
00000257      411
00000258      376
00000259      369
00000260      389
00000261      358
00000262      380
00000263      342
00000264      331
00000265      341
00000266      311
00000267      331
00000268      311
00000269      300
00000270      282
00000271      303
00000272      290
00000273      257
00000274      277
00000275      255
00000276      225
00000277      234
00000278      210
00000279      239
00000280      233
00000281      214
00000282      227
00000283      204
00000284      208
00000285      189
00000286      188
00000287      176
00000288      174
00000289      173
00000290      163
00000291      160
00000292      171
00000293      177
00000294      138
00000295      146
00000296      133
00000297      154
00000298      147
00000299      135
00000300      112
00000301      132
00000302      129
00000303      144
00000304      119
00000305      111
00000306      108
00000307      149
00000308      122
00000309       99
00000310      111
00000311       97
00000312      106
00000313      114
00000314       90
00000315       97
00000316      110
00000317       78
00000318      110
00000319       76
00000320       78
00000321       86
00000322       63
00000323       74
00000324       83
00000325       92
00000326       80
00000327       71
00000328       91
00000329       62
00000330       66
00000331       69
00000332       80
00000333       66
00000334       68
00000335       67
00000336       67
00000337       66
00000338       63
00000339       71
00000340       63
00000341       52
00000342       59
00000343       63
00000344       62
00000345       53
00000346       63
00000347       45
00000348       77
00000349       60
00000350       68
00000351       63
00000352       63
00000353       67
00000354       52
00000355       72
00000356       68
00000357       60
00000358       79
00000359       68
00000360       72
00000361       74
00000362       80
00000363       72
00000364       67
00000365       81
00000366       69
00000367       68
00000368       74
00000369       55
00000370       63
00000371       53
00000372       64
00000373       55
00000374       60
00000375       62
00000376       54
00000377       55
00000378       41
00000379       52
00000380       43
00000381       27
00000382       32
00000383       30
00000384       28
00000385       38
00000386       39
00000387       37
00000388       18
00000389       23
00000390       23
00000391       27
00000392       18
00000393       27
00000394       24
00000395       23
00000396       23
00000397       24
00000398       21
00000399       24
00000400       20
00000401       23
00000402       22
00000403       17
00000404       20
00000405       19
00000406       23
00000407       14
00000408       11
00000409       17
00000410       21
00000411       12
00000412       13
00000413       21
00000414       20
00000415       10
00000416       10
00000417        8
00000418       11
00000419       12
00000420        8
00000421       12
00000422        6
00000423        9
00000424        8
00000425       13
00000426        7
00000427       14
00000428        7
00000429        5
00000430        7
00000431        9
00000432        5
00000433       12
00000434        6
00000435        9
00000436       12
00000437        9
00000438        6
00000439       11
00000440       10
00000441        4
00000442        2
00000443        9
00000444        3
00000445        5
00000446        8
00000447        2
00000448        9
00000449        7
00000450        2
00000451        7
00000452        5
00000453        3
00000454        5
00000455        4
00000456        2
00000457        7
00000458        5
00000459        7
00000460        6
00000461        8
00000462        6
00000463        1
00000464        2
00000465        2
00000466        2
00000467        2
00000468        4
00000469        1
00000470        3
00000471        4
00000472        6
00000473        1
00000474        4
00000475        4
00000476        2
00000477        3
00000478        0
00000479        3
00000480        5
00000481        2
00000482        1
00000483        1
00000484        4
00000485        0
00000486        3
00000487        1
00000488        1
00000489        1
00000490        3
00000491        1
00000492        2
00000493        5
00000494        3
00000495        2
00000496        1
00000497        5
00000498        1
00000499        6
00000500        1