00000001       0
00000002        0
00000003        0
00000004        0
00000005        0
00000006        0
00000007        0
00000008        0
00000009        0
00000010        0
00000011        0
00000012        0
00000013        0
00000014        0
00000015        0
00000016        0
00000017        0
00000018        0
00000019        0
00000020        0
00000021        0
00000022        0
00000023        0
00000024        1
00000025        1
00000026        2
00000027        1
00000028        1
00000029        4
00000030        0
00000031        1
00000032        0
00000033        2
00000034        5
00000035        1
00000036        2
00000037        2
00000038        6
00000039        2
00000040        3
00000041        2
00000042        1
00000043        3
00000044        3
00000045        4
00000046        3
00000047        3
00000048        6
00000049        1
00000050        2
00000051        3
00000052        7
00000053       12
00000054        6
00000055        7
00000056        5
00000057        5
00000058        5
00000059        7
00000060        7
00000061        5
00000062        7
00000063        6
00000064        8
00000065        3
00000066        6
00000067        7
00000068        6
00000069       10
00000070        7
00000071       11
00000072        8
00000073        8
00000074        9
00000075       22
00000076       16
00000077       24
00000078       32
00000079       67
00000080       79
00000081      132
00000082      191
00000083      278
00000084      424
00000085      534
00000086      652
00000087      841
00000088     1036
00000089     1209
00000090     1549
00000091     1624
00000092     1580
00000093     1388
00000094     1128
00000095     1048
00000096      925
00000097      914
00000098      872
00000099      905
00000100      945
00000101      967
00000102     1002
00000103     1034
00000104     1132
00000105     1090
00000106     1148
00000107     1201
00000108     1251
00000109     1231
00000110     1360
00000111     1428
00000112     1397
00000113     1430
00000114     1457
00000115     1545
00000116     1610
00000117     1626
00000118     1595
00000119     1671
00000120     1677
00000121     1718
00000122     1680
00000123     1776
00000124     1736
00000125     1870
00000126     1931
00000127     1867
00000128     1995
00000129     2080
00000130     2059
00000131     2161
00000132     2196
00000133     2116
00000134     2214
00000135     2266
00000136     2100
00000137     2183
00000138     2193
00000139     2086
00000140     2177
00000141     2028
00000142     2005
00000143     1877
00000144     1801
00000145     1967
00000146     1753
00000147     1758
00000148     1685
00000149     1596
00000150     1553
00000151     1568
00000152     1425
00000153     1436
00000154     1408
00000155     1313
00000156     1311
00000157     1256
00000158     1239
00000159     1225
00000160     1175
00000161     1074
00000162     1146
00000163     1069
00000164     1078
00000165     1013
00000166      945
00000167      979
00000168      945
00000169     1019
00000170      949
00000171      912
00000172      944
00000173      909
00000174      910
00000175      912
00000176      896
00000177      921
00000178      857
00000179      866
00000180      873
00000181      835
00000182      824
00000183      844
00000184      759
00000185      793
00000186      773
00000187      811
00000188      753
00000189      766
00000190      766
00000191      647
00000192      672
00000193      653
00000194      607
00000195      642
00000196      620
00000197      616
00000198      563
00000199      596
00000200      577
00000201      532
00000202      548
00000203      503
00000204      512
00000205      507
00000206      508
00000207      491
00000208      425
00000209      470
00000210      463
00000211      462
00000212      471
00000213      455
00000214      522
00000215      537
00000216      582
00000217      647
00000218      732
00000219      767
00000220      887
00000221     1012
00000222     1141
00000223     1330
00000224     1452
00000225     1680
00000226     1987
00000227     2180
00000228     2391
00000229     2564
00000230     2819
00000231     2855
00000232     3039
00000233     3085
00000234     2987
00000235     2836
00000236     2671
00000237     2371
00000238     2284
00000239     1990
00000240     1652
00000241     1437
00000242     1222
00000243     1044
00000244      901
00000245      742
00000246      734
00000247      616
00000248      562
00000249      545
00000250      495
00000251      472
00000252      437
00000253      416
00000254      406
00000255      408
00000256      403
00000257      386
00000258      358
00000259      330
00000260      351
00000261      310
00000262      329
00000263      311
00000264      318
00000265      309
00000266      270
00000267      271
00000268      295
00000269      252
00000270      295
00000271      255
00000272      219
00000273      231
00000274      240
00000275      247
00000276      230
00000277      200
00000278      202
00000279      187
00000280      198
00000281      190
00000282      178
00000283      195
00000284      187
00000285      197
00000286      181
00000287      162
00000288      142
00000289      165
00000290      168
00000291      170
00000292      131
00000293      140
00000294      117
00000295      132
00000296      131
00000297      135
00000298      122
00000299      133
00000300      135
00000301      131
00000302      135
00000303      125
00000304      118
00000305      122
00000306      102
00000307      111
00000308       91
00000309      116
00000310       87
00000311       97
00000312       99
00000313       85
00000314       94
00000315       88
00000316       79
00000317       74
00000318       76
00000319       83
00000320       95
00000321       85
00000322       84
00000323       66
00000324       69
00000325       76
00000326       68
00000327       67
00000328       56
00000329       68
00000330       78
00000331       68
00000332       64
00000333       65
00000334       59
00000335       63
00000336       75
00000337       71
00000338       60
00000339       61
00000340       63
00000341       67
00000342       62
00000343       55
00000344       52
00000345       59
00000346       68
00000347       62
00000348       44
00000349       56
00000350       56
00000351       57
00000352       68
00000353       70
00000354       59
00000355       62
00000356       70
00000357       54
00000358       77
00000359       73
00000360       71
00000361       58
00000362       72
00000363       58
00000364       81
00000365       74
00000366       65
00000367       56
00000368       74
00000369       65
00000370       54
00000371       62
00000372       62
00000373       60
00000374       70
00000375       49
00000376       69
00000377       45
00000378       39
00000379       41
00000380       52
00000381       40
00000382       37
00000383       29
00000384       31
00000385       24
00000386       29
00000387       18
00000388       30
00000389       26
00000390       36
00000391       16
00000392       24
00000393       17
00000394       22
00000395       26
00000396       24
00000397       13
00000398       28
00000399       16
00000400       22
00000401       20
00000402       12
00000403       24
00000404       12
00000405       20
00000406       11
00000407       20
00000408       13
00000409       23
00000410       16
00000411       12
00000412       19
00000413       14
00000414        6
00000415        7
00000416        9
00000417       19
00000418       14
00000419       10
00000420       13
00000421        6
00000422        7
00000423        5
00000424       10
00000425        8
00000426        6
00000427       14
00000428       10
00000429       11
00000430       11
00000431        8
00000432        7
00000433        7
00000434        5
00000435        9
00000436       10
00000437        4
00000438        7
00000439        2
00000440        3
00000441        4
00000442        4
00000443        6
00000444        6
00000445        5
00000446        9
00000447        5
00000448        8
00000449        4
00000450        5
00000451        5
00000452        3
00000453        3
00000454        6
00000455       10
00000456        3
00000457        7
00000458        4
00000459        4
00000460        3
00000461        2
00000462        4
00000463        0
00000464        4
00000465        7
00000466        3
00000467        4
00000468        1
00000469        2
00000470        2
00000471        0
00000472        0
00000473        2
00000474        2
00000475        7
00000476        5
00000477        4
00000478        5
00000479        4
00000480        5
00000481        3
00000482        7
00000483        3
00000484        3
00000485        1
00000486        2
00000487        2
00000488        4
00000489        2
00000490        1
00000491        2
00000492        4
00000493        1
00000494        3
00000495        3
00000496        3
00000497        3
00000498        5
00000499        3
00000500        1