00000001       0
00000002        0
00000003        0
00000004        0
00000005        0
00000006        0
00000007        0
00000008        0
00000009        0
00000010        0
00000011        0
00000012        0
00000013        0
00000014        1
00000015        0
00000016        0
00000017        0
00000018        0
00000019        0
00000020        1
00000021        0
00000022        0
00000023        0
00000024        0
00000025        0
00000026        1
00000027        0
00000028        0
00000029        0
00000030        2
00000031        2
00000032        0
00000033        1
00000034        1
00000035        0
00000036        1
00000037        0
00000038        1
00000039        1
00000040        1
00000041        2
00000042        1
00000043        0
00000044        1
00000045        2
00000046        1
00000047        2
00000048        1
00000049        3
00000050        4
00000051        1
00000052        6
00000053        4
00000054        2
00000055        2
00000056        3
00000057        1
00000058        4
00000059        2
00000060        4
00000061        4
00000062        4
00000063        8
00000064        7
00000065        3
00000066        4
00000067        3
00000068        5
00000069        2
00000070        4
00000071        4
00000072        8
00000073        7
00000074        5
00000075        8
00000076       10
00000077       20
00000078       12
00000079       25
00000080       35
00000081       72
00000082      103
00000083      208
00000084      302
00000085      382
00000086      449
00000087      523
00000088      570
00000089      571
00000090      593
00000091      625
00000092      671
00000093      730
00000094      622
00000095      649
00000096      693
00000097      812
00000098      857
00000099      903
00000100     1019
00000101     1100
00000102     1141
00000103     1233
00000104     1247
00000105     1102
00000106     1140
00000107     1114
00000108     1127
00000109     1123
00000110     1236
00000111     1286
00000112     1283
00000113     1269
00000114     1306
00000115     1323
00000116     1335
00000117     1338
00000118     1348
00000119     1449
00000120     1423
00000121     1346
00000122     1394
00000123     1407
00000124     1454
00000125     1561
00000126     1547
00000127     1476
00000128     1547
00000129     1546
00000130     1647
00000131     1592
00000132     1577
00000133     1534
00000134     1710
00000135     1534
00000136     1499
00000137     1626
00000138     1543
00000139     1531
00000140     1628
00000141     1572
00000142     1516
00000143     1519
00000144     1510
00000145     1518
00000146     1376
00000147     1390
00000148     1378
00000149     1430
00000150     1322
00000151     1313
00000152     1333
00000153     1234
00000154     1258
00000155     1219
00000156     1303
00000157     1261
00000158     1108
00000159     1124
00000160     1088
00000161     1069
00000162     1070
00000163     1021
00000164     1007
00000165     1027
00000166     1037
00000167     1014
00000168      980
00000169      998
00000170      901
00000171      908
00000172      941
00000173      887
00000174      916
00000175      931
00000176      899
00000177      855
00000178      873
00000179      857
00000180      877
00000181      874
00000182      845
00000183      852
00000184      862
00000185      873
00000186      856
00000187      790
00000188      789
00000189      774
00000190      762
00000191      725
00000192      737
00000193      690
00000194      719
00000195      723
00000196      696
00000197      683
00000198      728
00000199      728
00000200      701
00000201      651
00000202      658
00000203      579
00000204      579
00000205      584
00000206      560
00000207      500
00000208      519
00000209      483
00000210      480
00000211      472
00000212      476
00000213      502
00000214      519
00000215      545
00000216      619
00000217      690
00000218      690
00000219      780
00000220      918
00000221      983
00000222     1143
00000223     1245
00000224     1398
00000225     1636
00000226     1911
00000227     2094
00000228     2255
00000229     2559
00000230     2758
00000231     2788
00000232     3016
00000233     2973
00000234     2978
00000235     2794
00000236     2589
00000237     2259
00000238     2075
00000239     1841
00000240     1534
00000241     1274
00000242     1072
00000243      852
00000244      725
00000245      555
00000246      494
00000247      473
00000248      391
00000249      352
00000250      356
00000251      313
00000252      298
00000253      279
00000254      298
00000255      252
00000256      263
00000257      280
00000258      234
00000259      216
00000260      248
00000261      205
00000262      201
00000263      208
00000264      238
00000265      211
00000266      199
00000267      190
00000268      178
00000269      177
00000270      200
00000271      159
00000272      158
00000273      182
00000274      155
00000275      176
00000276      145
00000277      162
00000278      132
00000279      146
00000280      132
00000281      139
00000282      148
00000283      133
00000284      119
00000285      136
00000286      120
00000287      112
00000288      106
00000289      113
00000290      123
00000291      115
00000292      105
00000293      106
00000294      103
00000295      123
00000296      113
00000297       96
00000298      102
00000299      111
00000300       95
00000301       85
00000302       87
00000303       82
00000304       81
00000305       88
00000306       86
00000307       94
00000308       88
00000309       86
00000310       78
00000311       78
00000312       65
00000313       67
00000314       67
00000315       69
00000316       71
00000317       72
00000318       79
00000319       70
00000320       61
00000321       71
00000322       54
00000323       59
00000324       66
00000325       66
00000326       59
00000327       62
00000328       49
00000329       57
00000330       66
00000331       54
00000332       56
00000333       54
00000334       56
00000335       44
00000336       48
00000337       47
00000338       42
00000339       54
00000340       46
00000341       50
00000342       53
00000343       48
00000344       57
00000345       46
00000346       51
00000347       43
00000348       47
00000349       48
00000350       50
00000351       39
00000352       64
00000353       62
00000354       76
00000355       68
00000356       65
00000357       56
00000358       81
00000359       74
00000360       80
00000361       91
00000362       72
00000363       71
00000364       59
00000365       77
00000366       77
00000367       81
00000368       68
00000369       61
00000370       77
00000371       55
00000372       69
00000373       46
00000374       49
00000375       44
00000376       51
00000377       38
00000378       47
00000379       32
00000380       38
00000381       29
00000382       36
00000383       32
00000384       27
00000385       29
00000386       17
00000387       17
00000388       21
00000389       19
00000390       16
00000391       11
00000392       23
00000393       21
00000394       21
00000395       10
00000396       18
00000397       24
00000398       19
00000399       21
00000400       28
00000401       19
00000402       18
00000403       13
00000404       21
00000405       23
00000406       14
00000407       15
00000408       11
00000409       15
00000410       11
00000411        9
00000412       19
00000413       12
00000414       19
00000415       10
00000416       11
00000417        8
00000418        6
00000419       13
00000420        7
00000421        9
00000422        6
00000423        8
00000424        4
00000425        8
00000426        6
00000427       10
00000428        6
00000429        9
00000430        3
00000431        5
00000432        5
00000433       10
00000434        5
00000435        5
00000436        5
00000437        7
00000438        7
00000439        5
00000440        4
00000441        1
00000442        8
00000443        3
00000444        7
00000445        6
00000446        9
00000447        0
00000448        4
00000449        7
00000450        6
00000451        2
00000452        3
00000453        4
00000454        5
00000455        5
00000456        3
00000457        3
00000458        5
00000459        2
00000460        3
00000461        2
00000462       11
00000463        6
00000464        2
00000465        5
00000466        5
00000467        3
00000468        4
00000469        3
00000470        2
00000471        4
00000472        6
00000473        2
00000474        5
00000475        0
00000476        6
00000477        3
00000478        4
00000479        3
00000480        0
00000481        3
00000482        1
00000483        3
00000484        7
00000485        2
00000486        2
00000487        3
00000488        1
00000489        3
00000490        1
00000491        1
00000492        5
00000493        0
00000494        4
00000495        4
00000496        2
00000497        3
00000498        4
00000499        1
00000500        3
00000501        1
00000502        2
00000503        1
00000504        3
00000505        4
00000506        1
00000507        3
00000508        4
00000509        2
00000510        2
00000511        2
00000512        1
00000513        1
00000514        1
00000515        2
00000516        0
00000517        4
00000518        1
00000519        4
00000520        0
00000521        2
00000522        3
00000523        0
00000524        1
00000525        1
00000526        2
00000527        3
00000528        0
00000529        1
00000530        4
00000531        4
00000532        3
00000533        0
00000534        0
00000535        1
00000536        3
00000537        1
00000538        0
00000539        0
00000540        0
00000541        3
00000542        2
00000543        5
00000544        2
00000545        2
00000546        0
00000547        1
00000548        1
00000549        0
00000550        0
00000551   
00000552        0