00000001        0
00000002        0
00000003        0
00000004        0
00000005        0
00000006        0
00000007        0
00000008        0
00000009        0
00000010        0
00000011        0
00000012        0
00000013        0
00000014        0
00000015        0
00000016        0
00000017        1
00000018        0
00000019        0
00000020        1
00000021        1
00000022        1
00000023        0
00000024        0
00000025        0
00000026        2
00000027        2
00000028        1
00000029        0
00000030        0
00000031        1
00000032        2
00000033        3
00000034        3
00000035        4
00000036        1
00000037        6
00000038        3
00000039        4
00000040        4
00000041        0
00000042        4
00000043        7
00000044        4
00000045        5
00000046        9
00000047        5
00000048        5
00000049        6
00000050        5
00000051        6
00000052        7
00000053        2
00000054        5
00000055        6
00000056        6
00000057        4
00000058       10
00000059        6
00000060        7
00000061        3
00000062        9
00000063        6
00000064       11
00000065        8
00000066        8
00000067        3
00000068        5
00000069        6
00000070       10
00000071        6
00000072       14
00000073       18
00000074        9
00000075       16
00000076       34
00000077       24
00000078       51
00000079       78
00000080      106
00000081      169
00000082      251
00000083      399
00000084      614
00000085      784
00000086      946
00000087     1205
00000088     1526
00000089     1810
00000090     2247
00000091     2415
00000092     2365
00000093     2106
00000094     1739
00000095     1507
00000096     1257
00000097     1278
00000098     1259
00000099     1243
00000100     1340
00000101     1400
00000102     1454
00000103     1511
00000104     1441
00000105     1480
00000106     1571
00000107     1710
00000108     1711
00000109     1794
00000110     1841
00000111     1838
00000112     1964
00000113     2008
00000114     2037
00000115     2106
00000116     1977
00000117     2048
00000118     2178
00000119     2169
00000120     2168
00000121     2116
00000122     2232
00000123     2078
00000124     2174
00000125     2186
00000126     2272
00000127     2350
00000128     2355
00000129     2391
00000130     2389
00000131     2467
00000132     2499
00000133     2464
00000134     2518
00000135     2634
00000136     2542
00000137     2532
00000138     2668
00000139     2543
00000140     2617
00000141     2556
00000142     2507
00000143     2557
00000144     2360
00000145     2438
00000146     2399
00000147     2223
00000148     2215
00000149     2083
00000150     2030
00000151     2112
00000152     2018
00000153     1887
00000154     1885
00000155     1808
00000156     1716
00000157     1812
00000158     1690
00000159     1663
00000160     1597
00000161     1566
00000162     1522
00000163     1450
00000164     1496
00000165     1454
00000166     1441
00000167     1412
00000168     1357
00000169     1388
00000170     1286
00000171     1283
00000172     1296
00000173     1295
00000174     1241
00000175     1246
00000176     1252
00000177     1218
00000178     1193
00000179     1304
00000180     1286
00000181     1232
00000182     1236
00000183     1162
00000184     1168
00000185     1122
00000186     1117
00000187     1121
00000188     1055
00000189     1047
00000190      953
00000191      968
00000192      914
00000193      861
00000194      920
00000195      917
00000196      854
00000197      849
00000198      846
00000199      812
00000200      791
00000201      735
00000202      786
00000203      781
00000204      713
00000205      730
00000206      664
00000207      636
00000208      677
00000209      610
00000210      617
00000211      665
00000212      649
00000213      696
00000214      780
00000215      780
00000216      924
00000217      993
00000218     1070
00000219     1203
00000220     1357
00000221     1518
00000222     1738
00000223     1985
00000224     2205
00000225     2567
00000226     2998
00000227     3380
00000228     3585
00000229     3959
00000230     4325
00000231     4483
00000232     4606
00000233     4716
00000234     4560
00000235     4366
00000236     4156
00000237     3692
00000238     3358
00000239     2968
00000240     2416
00000241     2049
00000242     1766
00000243     1554
00000244     1306
00000245     1132
00000246      984
00000247      865
00000248      752
00000249      777
00000250      669
00000251      630
00000252      588
00000253      628
00000254      543
00000255      526
00000256      525
00000257      548
00000258      525
00000259      483
00000260      466
00000261      420
00000262      443
00000263      412
00000264      423
00000265      396
00000266      371
00000267      379
00000268      432
00000269      320
00000270      354
00000271      329
00000272      343
00000273      335
00000274      319
00000275      334
00000276      325
00000277      319
00000278      315
00000279      292
00000280      294
00000281      252
00000282      292
00000283      286
00000284      228
00000285      260
00000286      224
00000287      235
00000288      244
00000289      236
00000290      241
00000291      227
00000292      221
00000293      196
00000294      200
00000295      202
00000296      189
00000297      199
00000298      196
00000299      182
00000300      177
00000301      171
00000302      168
00000303      154
00000304      171
00000305      141
00000306      135
00000307      165
00000308      156
00000309      157
00000310      149
00000311      144
00000312      161
00000313      143
00000314      141
00000315      145
00000316      126
00000317      135
00000318      115
00000319      121
00000320      111
00000321      103
00000322      122
00000323      135
00000324      116
00000325      112
00000326      102
00000327       97
00000328       74
00000329       92
00000330       95
00000331       90
00000332       94
00000333       69
00000334       78
00000335       95
00000336       82
00000337       77
00000338       86
00000339       88
00000340       82
00000341       92
00000342       76
00000343       82
00000344       78
00000345       78
00000346       84
00000347       86
00000348       76
00000349       98
00000350       75
00000351       79
00000352       82
00000353       96
00000354       93
00000355       81
00000356       90
00000357       97
00000358       83
00000359      100
00000360      112
00000361      105
00000362      106
00000363      118
00000364      115
00000365       89
00000366      115
00000367       94
00000368       75
00000369      100
00000370       90
00000371      101
00000372       80
00000373       93
00000374       67
00000375       89
00000376       70
00000377       71
00000378       57
00000379       67
00000380       55
00000381       52
00000382       43
00000383       57
00000384       59
00000385       44
00000386       30
00000387       46
00000388       34
00000389       28
00000390       31
00000391       34
00000392       35
00000393       40
00000394       31
00000395       21
00000396       33
00000397       25
00000398       22
00000399       33