00000001        0
00000002        0
00000003        0
00000004        0
00000005        0
00000006        0
00000007        0
00000008        0
00000009        0
00000010        0
00000011        0
00000012        0
00000013        0
00000014        0
00000015        0
00000016        0
00000017        1
00000018        0
00000019        0
00000020        0
00000021        0
00000022        0
00000023        1
00000024        0
00000025        0
00000026        0
00000027        1
00000028        0
00000029        0
00000030        2
00000031        1
00000032        1
00000033        1
00000034        1
00000035        2
00000036        0
00000037        0
00000038        0
00000039        4
00000040        3
00000041        4
00000042        8
00000043        3
00000044        6
00000045        1
00000046        9
00000047        2
00000048        1
00000049        1
00000050        4
00000051        4
00000052        3
00000053        6
00000054        5
00000055        4
00000056        3
00000057        6
00000058        4
00000059        5
00000060        5
00000061        6
00000062        4
00000063        0
00000064        3
00000065        5
00000066        6
00000067        4
00000068        7
00000069        9
00000070        8
00000071       16
00000072       10
00000073        5
00000074       13
00000075       11
00000076       24
00000077       27
00000078       30
00000079       53
00000080       75
00000081      120
00000082      194
00000083      255
00000084      399
00000085      533
00000086      630
00000087      765
00000088      995
00000089     1253
00000090     1426
00000091     1608
00000092     1562
00000093     1377
00000094     1169
00000095     1010
00000096      919
00000097      875
00000098      978
00000099     1013
00000100     1082
00000101     1187
00000102     1283
00000103     1206
00000104     1260
00000105     1186
00000106     1149
00000107     1226
00000108     1218
00000109     1151
00000110     1255
00000111     1325
00000112     1300
00000113     1369
00000114     1326
00000115     1415
00000116     1409
00000117     1420
00000118     1435
00000119     1417
00000120     1439
00000121     1491
00000122     1475
00000123     1525
00000124     1482
00000125     1560
00000126     1559
00000127     1632
00000128     1626
00000129     1644
00000130     1711
00000131     1813
00000132     1745
00000133     1823
00000134     1818
00000135     1834
00000136     1901
00000137     1842
00000138     1814
00000139     1911
00000140     1738
00000141     1795
00000142     1873
00000143     1750
00000144     1696
00000145     1582
00000146     1635
00000147     1577
00000148     1572
00000149     1477
00000150     1429
00000151     1377
00000152     1313
00000153     1270
00000154     1297
00000155     1269
00000156     1270
00000157     1215
00000158     1100
00000159     1082
00000160     1076
00000161     1049
00000162      982
00000163      970
00000164     1026
00000165      972
00000166      909
00000167      915
00000168      880
00000169      875
00000170      830
00000171      883
00000172      837
00000173      868
00000174      846
00000175      851
00000176      860
00000177      896
00000178      810
00000179      791
00000180      771
00000181      824
00000182      783
00000183      764
00000184      768
00000185      800
00000186      762
00000187      696
00000188      702
00000189      701
00000190      665
00000191      663
00000192      638
00000193      628
00000194      598
00000195      585
00000196      595
00000197      563
00000198      547
00000199      550
00000200      542
00000201      528
00000202      521
00000203      505
00000204      451
00000205      482
00000206      467
00000207      423
00000208      412
00000209      419
00000210      419
00000211      426
00000212      454
00000213      452
00000214      493
00000215      496
00000216      528
00000217      605
00000218      643
00000219      785
00000220      887
00000221      992
00000222     1092
00000223     1278
00000224     1375
00000225     1600
00000226     1805
00000227     1990
00000228     2309
00000229     2439
00000230     2756
00000231     2825
00000232     3016
00000233     2958
00000234     2922
00000235     2880
00000236     2576
00000237     2458
00000238     2291
00000239     1898
00000240     1682
00000241     1454
00000242     1181
00000243      987
00000244      873
00000245      749
00000246      629
00000247      662
00000248      524
00000249      501
00000250      475
00000251      465
00000252      458
00000253      394
00000254      385
00000255      391
00000256      397
00000257      371
00000258      323
00000259      329
00000260      274
00000261      250
00000262      291
00000263      285
00000264      288
00000265      257
00000266      270
00000267      270
00000268      253
00000269      262
00000270      266
00000271      213
00000272      229
00000273      224
00000274      199
00000275      178
00000276      227
00000277      195
00000278      212
00000279      208
00000280      200
00000281      183
00000282      152
00000283      171
00000284      167
00000285      164
00000286      178
00000287      157
00000288      153
00000289      152
00000290      170
00000291      142
00000292      149
00000293      165
00000294      149
00000295      150
00000296      141
00000297      133
00000298      144
00000299      105
00000300       97
00000301      128
00000302      108
00000303      128
00000304      116
00000305       81
00000306      112
00000307      102
00000308      105
00000309      108
00000310       90
00000311       95
00000312       88
00000313      101
00000314       90
00000315       79
00000316       80
00000317       76
00000318       69
00000319       84
00000320       74
00000321       73
00000322       83
00000323       53
00000324       74
00000325       83
00000326       63
00000327       62
00000328       60
00000329       48
00000330       67
00000331       69
00000332       67
00000333       54
00000334       59
00000335       45
00000336       46
00000337       47
00000338       62
00000339       45
00000340       52
00000341       46
00000342       52
00000343       55
00000344       56
00000345       65
00000346       47
00000347       53
00000348       51
00000349       53
00000350       73
00000351       65
00000352       62
00000353       64
00000354       57
00000355       58
00000356       76
00000357       63
00000358       65
00000359       59
00000360       58
00000361       63
00000362       71
00000363       55
00000364       75
00000365       66
00000366       59
00000367       65
00000368       54
00000369       63
00000370       58
00000371       54
00000372       52
00000373       57
00000374       60
00000375       46
00000376       42
00000377       53
00000378       45
00000379       49
00000380       40
00000381       40
00000382       31
00000383       26
00000384       27
00000385       21
00000386       20
00000387       26
00000388       21
00000389       14
00000390        8
00000391       23
00000392       25
00000393       21
00000394       21
00000395       15
00000396       28
00000397       18
00000398       11
00000399       26
00000400       11
00000401       15
00000402       15
00000403       20
00000404       14
00000405       21
00000406       13
00000407       15
00000408       22
00000409        6
00000410       12
00000411       16
00000412       12
00000413       14
00000414       12
00000415       23
00000416        8
00000417       12
00000418        7
00000419       12
00000420        5
00000421        7
00000422       12
00000423        6
00000424        8
00000425        6
00000426       10
00000427        6
00000428        7
00000429        7
00000430        4
00000431        5
00000432        5
00000433        7
00000434        2
00000435        5
00000436        8
00000437        5
00000438        7
00000439        4
00000440        6
00000441        7
00000442        6
00000443        4
00000444        3
00000445        2
00000446        4
00000447        6
00000448        3
00000449        3
00000450        2
00000451        1
00000452        2
00000453       10
00000454        5
00000455        6
00000456        2
00000457        4
00000458        4
00000459        2
00000460        4
00000461        3
00000462        2
00000463        5
00000464        4
00000465        3
00000466        1
00000467        3
00000468        4
00000469        2
00000470        3
00000471        6
00000472        3
00000473        3
00000474        1
00000475        2
00000476        3
00000477        0
00000478        3
00000479        4
00000480        3
00000481        4
00000482        1
00000483        3
00000484        1
00000485        6
00000486        2
00000487        5
00000488        2
00000489        1
00000490        4
00000491        4
00000492        2
00000493        3
00000494        1
00000495        4
00000496        5
00000497        4
00000498        1
00000499        2
00000500        0