3.246822669261064	346
7.682774395931688	439
12.118726122602368	540
16.554677849273048	717
20.99062957594367	888
25.426581302614352	1025
29.862533029285032	1318
34.298484755955656	1333
38.734436482626336	1241
43.170388209297016	1005
47.60633993596764	719
52.04229166263832	619
56.478243389309	486
60.91419511597962	461
65.3501468426503	417
69.78609856932093	447
74.22205029599161	493
78.65800202266229	510
83.09395374933291	552
87.52990547600359	595
91.96585720267427	694
96.4018089293449	660
100.83776065601558	731
105.27371238268626	795
109.70966410935688	861
114.14561583602756	851
118.58156756269818	1006
123.01751928936886	1096
127.45347101603954	1105
131.88942274271017	1173
136.32537446938085	1234
140.76132619605153	1346
145.19727792272215	1441
149.63322964939277	1473
154.0691813760635	1455
158.50513310273413	1546
162.94108482940476	1560
167.3770365560755	1611
171.81298828274612	1579
176.24894000941674	1681
180.68489173608748	1648
185.1208434627581	1786
189.55679518942873	1850
193.99274691609946	1792
198.4286986427701	1926
202.8646503694407	2015
207.30060209611145	1996
211.73655382278207	2100
216.1725055494527	2140
220.60845727612343	2062
225.04440900279405	2161
229.48036072946468	2216
233.91631245613542	2051
238.35226418280604	2136
242.78821590947666	2144
247.2241676361474	2041
251.66011936281802	2133
256.09607108948865	1983
260.53202281615927	1961
264.96797454283	1834
269.40392626950063	1758
273.83987799617125	1924
278.275829722842	1710
282.7117814495126	1717
287.14773317618324	1646
291.583684902854	1557
296.0196366295246	1516
300.4555883561952	1532
304.89154008286596	1389
309.3274918095366	1400
313.7634435362072	1370
318.19939526287794	1277
322.63534698954857	1275
327.0712987162192	1219
331.5072504428899	1204
335.94320216956055	1192
340.3791538962312	1144
344.8151056229019	1046
349.25105734957253	1117
353.68700907624316	1043
358.1229608029139	1053
362.5589125295845	987
366.99486425625514	921
371.43081598292576	954
375.8667677095965	923
380.3027194362671	995
384.73867116293775	925
389.1746228896085	888
393.6105746162791	921
398.04652634294973	886
402.48247806962047	888
406.9184297962911	888
411.3543815229617	875
415.79033324963245	900
420.2262849763031	836
424.6622367029737	846
429.09818842964444	853
433.53414015631506	816
437.9700918829857	805
442.4060436096564	824
446.84199533632705	740
451.27794706299767	774
455.7138987896684	752
460.14985051633903	792
464.58580224300965	734
469.0217539696804	748
473.457705696351	747
477.89365742302164	629
482.3296091496924	654
486.765560876363	634
491.2015126030336	590
495.63746432970424	625
500.073416056375	601
504.5093677830456	599
508.9453195097162	545
513.381271236387	579
517.8172229630576	560
522.2531746897282	516
526.689126416399	533
531.1250781430696	488
535.5610298697402	497
539.9969815964109	493
544.4329333230816	494
548.8688850497522	477
553.3048367764229	412
557.7407885030935	456
562.1767402297642	451
566.6126919564349	449
571.0486436831055	458
575.4845954097761	442
579.9205471364469	509
584.3564988631175	525
588.7924505897881	570
593.2284023164589	634
597.6643540431295	720
602.1003057698001	755
606.5362574964707	875
610.9722092231415	1000
615.4081609498121	1129
619.8441126764827	1319
624.2800644031535	1441
628.7160161298241	1669
633.1519678564947	1977
637.5879195831654	2171
642.0238713098361	2382
646.4598230365067	2555
650.8957747631774	2810
655.3317264898479	2847
659.7676782165187	3031
664.2036299431894	3077
668.6395816698599	2979
673.0755333965307	2829
677.5114851232014	2663
681.9474368498719	2363
686.3833885765426	2277
690.8193403032134	1983
695.2552920298839	1645
699.6912437565546	1430
704.1271954832254	1214
708.5631472098959	1036
712.9990989365666	893
717.4350506632373	734
721.8710023899079	727
726.3069541165786	607
730.7429058432493	552
735.1788575699198	536
739.6148092965906	484
744.0507610232613	462
748.4867127499318	425
752.9226644766026	403
757.3586162032733	391
761.7945679299438	393
766.2305196566145	388
770.6664713832853	370
775.1024231099558	344
779.5383748366265	315
783.9743265632973	339
788.4102782899678	297
792.8462300166385	319
797.2821817433093	302
801.7181334699798	311
806.1540851966505	303
810.5900369233212	265
815.0259886499917	266
819.4619403766625	292
823.8978921033332	249
828.3338438300037	292
832.7697955566745	252
837.2057472833452	217
841.6416990100157	228
846.0776507366865	238
850.5136024633572	245
854.9495541900277	228
859.3855059166984	198
863.8214576433692	200
868.2574093700397	185
872.6933610967104	196
877.1293128233812	188
881.5652645500517	176
886.0012162767224	193
890.4371680033929	185
894.8731197300636	195
899.3090714567344	179
903.7450231834049	160
908.1809749100756	140
912.6169266367464	163
917.0528783634169	166
921.4888300900876	167
925.9247818167584	128
930.3607335434289	137
934.7966852700996	115
939.2326369967703	130
943.6685887234408	129
948.1045404501116	133
952.5404921767823	120
956.9764439034528	131
961.4123956301236	134
965.8483473567943	129
970.2842990834648	134
974.7202508101356	124
979.1562025368063	116
983.5921542634768	120
988.0281059901475	101
992.4640577168183	110
996.9000094434888	90
1001.3359611701595	115
1005.7719128968303	86
1010.2078646235008	96
1014.6438163501715	98
1019.0797680768422	84
1023.5157198035128	92
1027.9516715301834	87
1032.387623256854	78
1036.8235749835248	73
1041.2595267101956	75
1045.6954784368663	82
1050.1314301635366	94
1054.5673818902073	84
1059.003333616878	83
1063.4392853435488	65
1067.8752370702196	68
1072.3111887968903	75
1076.7471405235606	67
1081.1830922502313	66
1085.619043976902	55
1090.0549957035728	67
1094.4909474302435	77
1098.9268991569143	67
1103.3628508835845	63
1107.7988026102553	64
1112.234754336926	58
1116.6707060635968	62
1121.1066577902675	74
1125.5426095169378	70
1129.9785612436085	59
1134.4145129702792	60
1138.85046469695	62
1143.2864164236207	66
1147.7223681502915	60
1152.1583198769617	54
1156.5942716036325	51
1161.0302233303032	58
1165.466175056974	67
1169.9021267836447	60
1174.3380785103154	43
1178.7740302369857	55
1183.2099819636564	55
1187.6459336903272	56
1192.081885416998	67
1196.5178371436687	69
1200.9537888703394	58
1205.3897405970097	61
1209.8256923236804	69
1214.2616440503512	53
1218.697595777022	76
1223.1335475036926	72
1227.5694992303634	70
1232.0054509570336	57
1236.4414026837044	71
1240.8773544103751	57
1245.3133061370459	80
1249.7492578637166	73
1254.1852095903873	65
1258.6211613170576	55
1263.0571130437284	73
1267.493064770399	64
1271.9290164970698	53
1276.3649682237406	61
1280.8009199504113	62
1285.2368716770816	60
1289.6728234037523	69
1294.108775130423	49
1298.5447268570938	68
1302.9806785837645	44
1307.4166303104353	38
1311.8525820371055	40
1316.2885337637763	51
1320.724485490447	39
1325.1604372171178	36
1329.5963889437885	28
1334.0323406704592	30
1338.4682923971295	23
1342.9042441238003	27
1347.340195850471	17
1351.7761475771417	29
1356.2120993038125	24
1360.6480510304827	34
1365.0840027571535	14
1369.5199544838242	23
1373.955906210495	15
1378.3918579371657	21
1382.8278096638364	24
1387.2637613905067	23
1391.6997131171775	12
1396.1356648438482	27
1400.571616570519	15
1405.0075682971897	21
1409.4435200238604	19
1413.8794717505307	11
1418.3154234772014	24
1422.7513752038722	12
1427.187326930543	20
1431.6232786572136	11
1436.0592303838844	20
1440.4951821105547	13
1444.9311338372254	23
1449.3670855638961	16
1453.8030372905669	12
1458.2389890172376	19
1462.6749407439083	14
1467.1108924705786	6
1471.5468441972494	7
1475.98279592392	9
1480.4187476505908	19
1484.8546993772616	14
1489.2906511039323	10
1493.7266028306026	13
1498.1625545572733	6
1502.598506283944	7
1507.0344580106148	5
1511.4704097372855	10
1515.9063614639563	8
1520.3423131906266	6
1524.7782649172973	14
1529.214216643968	10
1533.6501683706388	11
1538.0861200973095	11
1542.5220718239802	8
1546.9580235506505	7
1551.3939752773213	7
1555.829927003992	5
1560.2658787306627	9
1564.7018304573335	10
1569.1377821840038	4
1573.5737339106745	7
1578.0096856373452	2
1582.445637364016	3
1586.8815890906867	4
1591.3175408173574	4
1595.7534925440277	6
1600.1894442706985	6
1604.6253959973692	5
1609.06134772404	9
1613.4972994507107	5
1617.9332511773814	8
1622.3692029040517	4
1626.8051546307224	5
1631.2411063573932	5
1635.677058084064	3
1640.1130098107346	3
1644.5489615374054	6
1648.9849132640757	10
1653.4208649907464	3
1657.8568167174171	7
1662.2927684440879	4
1666.7287201707586	4
1671.1646718974293	3
1675.6006236240996	2
1680.0365753507704	4
1684.472527077441	0
1688.9084788041118	4
1693.3444305307826	7
1697.7803822574533	3
1702.216333984124	4
1706.6522857107943	1
1711.088237437465	2
1715.5241891641358	2
1719.9601408908065	0
1724.3960926174773	0
1728.832044344148	2
1733.2679960708183	2
1737.703947797489	7
1742.1398995241598	5
1746.5758512508305	4
1751.0118029775012	5
1755.447754704172	4
1759.8837064308423	5
1764.319658157513	3
1768.7556098841837	7
1773.1915616108545	3
1777.6275133375252	3
1782.063465064196	1
1786.4994167908662	2
1790.935368517537	2
1795.3713202442077	4
1799.8072719708784	2
1804.2432236975492	1
1808.67917542422	2
1813.1151271508902	4
1817.551078877561	1
1821.9870306042317	3
1826.4229823309024	3
1830.8589340575732	3
1835.294885784244	3
1839.7308375109142	5
1844.166789237585	3
1848.6027409642556	1
1853.0386926909264	1
1857.4746444175971	4
1861.9105961442679	0
1866.3465478709381	2
1870.7824995976089	1
1875.2184513242796	2
1879.6544030509504	2
1884.090354777621	2
1888.5263065042918	0
1892.962258230962	1
1897.3982099576328	1
1901.8341616843036	2
1906.2701134109743	1
1910.706065137645	4
1915.1420168643153	0
1919.577968590986	3
1924.0139203176568	2
1928.4498720443275	5
1932.8858237709983	1
1937.321775497669	2
1941.7577272243393	0
1946.19367895101	1
1950.6296306776808	0
1955.0655824043515	3
1959.5015341310223	4
1963.937485857693	1
1968.3734375843633	0
1972.809389311034	2
1977.2453410377047	2
1981.6812927643755	2
1986.1172444910462	4
1990.553196217717	1
1994.9891479443872	2
1999.425099671058	0
2003.8610513977287	2
2008.2970031243995	2
2012.7329548510702	1
2017.168906577741	1
2021.6048583044112	0
2026.040810031082	3
2030.4767617577527	1
2034.9127134844234	1
2039.3486652110942	1
2043.784616937765	1
2048.220568664435	1
2052.656520391106	0
2057.0924721177767	0
2061.5284238444474	2
2065.964375571118	2
2070.400327297789	1
2074.836279024459	1
2079.27223075113	2
2083.7081824778006	0
2088.1441342044714	1
2092.580085931142	1
2097.016037657813	3
2101.451989384483	0
2105.887941111154	1
2110.3238928378246	3
2114.7598445644953	0
2119.195796291166	2
2123.631748017837	1
2128.067699744507	0
2132.503651471178	2
2136.9396031978486	2
2141.3755549245193	1
2145.81150665119	2
2150.2474583778603	3
2154.683410104531	1
2159.119361831202	1
2163.5553135578725	2
2167.9912652845433	1
2172.427217011214	1
2176.8631687378843	1
2181.299120464555	6
2185.7350721912258	1
2190.1710239178965	0
2194.6069756445672	1
2199.042927371238	0
2203.4788790979082	0
2207.914830824579	0
2212.3507825512497	1
2216.7867342779205	1
2221.222686004591	0
2225.658637731262	0
2230.094589457932	3
2234.530541184603	1
2238.9664929112737	0
2243.4024446379444	1
2247.838396364615	0
2252.274348091286	0
2256.710299817956	2
2261.146251544627	0
2265.5822032712977	3
2270.0181549979684	0
2274.454106724639	1
2278.89005845131	2
2283.32601017798	3
2287.761961904651	0
2292.1979136313216	1
2296.6338653579924	1
2301.069817084663	1
2305.505768811334	0
2309.941720538004	0
2314.377672264675	1
2318.8136239913456	0
2323.2495757180163	0
2327.685527444687	3
2332.121479171358	3
2336.557430898028	0
2340.993382624699	1
2345.4293343513696	0
2349.8652860780403	0
2354.301237804711	0
2358.7371895313813	1
2363.173141258052	0
2367.609092984723	1
2372.0450447113935	3
2376.4809964380643	0
2380.916948164735	0
2385.3528998914053	1
2389.788851618076	0
2394.2248033447468	1
2398.6607550714175	2
2403.0967067980882	1
2407.532658524759	1
2411.9686102514293	0
2416.4045619781	0
2420.8405137047707	0
2425.2764654314415	1
2429.712417158112	0
2434.148368884783	0
2438.584320611453	0
2443.020272338124	0
2447.4562240647947	0
2451.8921757914654	1
2456.328127518136	1
2460.764079244807	0
2465.200030971477	1
2469.635982698148	0
2474.0719344248187	1
2478.5078861514894	0
2482.94383787816	0
2487.379789604831	0
2491.815741331501	0
2496.251693058172	0
2500.6876447848426	1
2505.1235965115134	0
2509.559548238184	1
2513.995499964855	1
2518.431451691525	0
2522.867403418196	0
2527.3033551448666	0
2531.7393068715373	0
2536.175258598208	0
2540.611210324879	1
2545.047162051549	0
2549.48311377822	0
2553.9190655048906	0
2558.3550172315613	0
2562.790968958232	0
2567.226920684903	0
2571.662872411573	0
2576.098824138244	0
2580.5347758649145	0
2584.9707275915853	0
2589.406679318256	0
2593.8426310449263	0
2598.278582771597	0
2602.7145344982678	0
2607.1504862249385	0
2611.5864379516092	0
2616.02238967828	0
2620.4583414049503	2
2624.894293131621	1
2629.3302448582917	0
2633.7661965849625	1
2638.202148311633	0
2642.638100038304	0
2647.0740517649742	0
2651.510003491645	0
2655.9459552183157	0
2660.3819069449864	0
2664.817858671657	0
2669.253810398328	0
2673.689762124998	0
2678.125713851669	0
2682.5616655783397	0
2686.9976173050104	0
2691.433569031681	0
2695.869520758352	0
2700.305472485022	0
2704.741424211693	1
2709.1773759383636	0
2713.6133276650344	0
2718.049279391705	0
2722.485231118376	1
2726.921182845046	0
2731.357134571717	0
2735.7930862983876	0
2740.2290380250583	0
2744.664989751729	0
2749.1009414784	2
2753.53689320507	1
2757.972844931741	0
2762.4087966584116	0
2766.8447483850823	0
2771.280700111753	1
2775.716651838424	0
2780.152603565094	0
2784.588555291765	0
2789.0245070184355	0
2793.4604587451063	0
2797.896410471777	0
2802.3323621984478	0
2806.768313925118	0
2811.204265651789	0
2815.6402173784595	0
2820.0761691051302	1
2824.512120831801	0
2828.9480725584713	0
2833.384024285142	0
2837.8199760118127	0
2842.2559277384835	0
2846.691879465154	1
2851.127831191825	0
2855.5637829184952	0
2859.999734645166	0
2864.4356863718367	1
2868.8716380985074	0
2873.307589825178	0
2877.743541551849	0
2882.179493278519	0
2886.61544500519	0
2891.0513967318607	0
2895.4873484585314	1
2899.923300185202	0
2904.359251911873	0
2908.795203638543	0
2913.231155365214	0
2917.6671070918846	0
2922.1030588185554	0
2926.539010545226	0
2930.974962271897	0
2935.410913998567	0
2939.846865725238	0
2944.2828174519086	0
2948.7187691785794	0
2953.15472090525	0
2957.590672631921	0
2962.026624358591	0
2966.462576085262	0
2970.8985278119326	0
2975.3344795386033	0
2979.770431265274	0
2984.206382991945	0
2988.642334718615	0
2993.078286445286	0
2997.5142381719565	0
3001.9501898986273	0
3006.386141625298	1
3010.8220933519688	0
3015.258045078639	0
3019.69399680531	0
3024.1299485319805	0
3028.5659002586513	1
3033.001851985322	1
3037.4378037119927	0
3041.873755438663	0
3046.3097071653337	0
3050.7456588920045	0
3055.181610618675	0
3059.617562345346	2
3064.0535140720162	0
3068.489465798687	0
3072.9254175253577	0
3077.3613692520285	0
3081.797320978699	1
3086.23327270537	0
3090.66922443204	0
3095.105176158711	0
3099.5411278853817	0
3103.9770796120524	0
3108.413031338723	0
3112.848983065394	0
3117.284934792064	0
3121.720886518735	0
3126.1568382454057	0
3130.5927899720764	0
3135.028741698747	0
3139.464693425418	0
3143.900645152088	0
3148.336596878759	0
3152.7725486054296	0
3157.2085003321004	0
3161.644452058771	0
3166.080403785442	0
3170.516355512112	0
3174.952307238783	0
3179.3882589654536	0
3183.8242106921243	0
3188.260162418795	0
3192.696114145466	0
3197.132065872136	0
3201.568017598807	0
3206.0039693254776	0
3210.4399210521483	0
3214.875872778819	0
3219.3118245054898	0
3223.74777623216	0
3228.183727958831	0
3232.6196796855015	0
3237.0556314121723	0
3241.491583138843	0
3245.9275348655137	0
3250.363486592184	0
3254.7994383188548	0
3259.2353900455255	0
3263.6713417721962	0
3268.107293498867	0
3272.5432452255372	0
3276.979196952208	0
3281.4151486788787	0
3285.8511004055495	0
3290.28705213222	0
3294.723003858891	0
3299.158955585561	0
3303.594907312232	0
3308.0308590389027	0
3312.4668107655734	0
3316.902762492244	0
3321.338714218915	0
3325.774665945585	0
3330.210617672256	0
3334.6465693989267	0
3339.0825211255974	0
3343.518472852268	0
3347.954424578939	0
3352.390376305609	0
3356.82632803228	0
3361.2622797589506	0
3365.6982314856214	0
3370.134183212292	0
3374.570134938963	0
3379.006086665633	0
3383.442038392304	0
3387.8779901189746	0
3392.3139418456453	0
3396.749893572316	0
3401.185845298987	0
3405.621797025657	0
3410.057748752328	0
3414.4937004789986	0
3418.9296522056693	0
3423.36560393234	0
3427.801555659011	0
3432.237507385681	0
3436.673459112352	0
3441.1094108390225	0
3445.5453625656933	0
3449.981314292364	0
3454.4172660190347	0
3458.853217745705	0
3463.2891694723758	0
3467.7251211990465	0
3472.1610729257172	0
3476.597024652388	0
3481.0329763790587	0
3485.468928105729	0
3489.9048798323997	0
3494.3408315590705	0
3498.776783285741	0
3503.212735012412	0
3507.648686739082	0
3512.084638465753	0
3516.5205901924237	0
3520.9565419190944	0
3525.392493645765	0
3529.828445372436	0
3534.264397099106	0
3538.700348825777	0
3543.1363005524477	0
3547.5722522791184	0
3552.008204005789	0
3556.44415573246	0
3560.88010745913	0
3565.316059185801	0
3569.7520109124716	0
3574.1879626391424	0
3578.623914365813	0
3583.059866092484	0
3587.495817819154	0
3591.931769545825	0
3596.3677212724956	0
3600.8036729991663	0
3605.239624725837	0
3609.675576452508	0
3614.111528179178	0
3618.547479905849	0
3622.9834316325196	0
3627.4193833591903	0
3631.855335085861	0
3636.291286812532	0
3640.727238539202	0
3645.163190265873	0
3649.5991419925435	0
3654.0350937192143	0
3658.471045445885	0
3662.9069971725557	0
3667.342948899226	0
3671.7789006258968	0
3676.2148523525675	0
3680.6508040792382	0
3685.086755805909	0
3689.5227075325797	0
3693.95865925925	0
3698.3946109859207	0
3702.8305627125915	0
3707.266514439262	0
3711.702466165933	0
3716.1384178926037	0
3720.574369619274	0
3725.0103213459447	0
3729.446273072615	0
3733.882224799286	0
3738.3181765259565	0
3742.7541282526277	0
3747.190079979298	0
3751.626031705969	0
3756.0619834326394	0
3760.4979351593097	0
3764.933886885981	0
3769.369838612651	0
3773.8057903393224	0
3778.2417420659926	0
3782.677693792663	0
3787.113645519334	0
3791.5495972460044	0
3795.9855489726756	0
3800.421500699346	0
3804.857452426017	0
3809.2934041526873	0
3813.7293558793576	0
3818.165307606029	0
3822.601259332699	0
3827.0372110593703	0
3831.4731627860406	0
3835.909114512711	0
3840.345066239382	0
3844.7810179660523	0
3849.2169696927235	0
3853.652921419394	0
3858.088873146065	0
3862.5248248727353	0
3866.9607765994056	0
3871.3967283260768	0
3875.832680052747	0
3880.2686317794182	0
3884.7045835060885	0
3889.140535232759	0
3893.57648695943	0
3898.0124386861003	0
3902.4483904127715	0
3906.8843421394417	0
3911.320293866113	0
3915.756245592783	0
3920.1921973194535	0
3924.6281490461247	0
3929.064100772795	0
3933.500052499466	0
3937.9360042261364	0
3942.3719559528067	0
3946.807907679478	0
3951.243859406148	0
3955.6798111328194	0
3960.1157628594897	0
3964.55171458616	0
3968.987666312831	0
3973.4236180395014	0
3977.8595697661726	0
3982.295521492843	0
3986.731473219514	0
3991.1674249461844	0
3995.6033766728547	0
4000.039328399526	0
4004.475280126196	0
4008.9112318528673	0
4013.3471835795376	0
4017.783135306208	0
4022.219087032879	0
4026.6550387595494	0
4031.0909904862206	0
4035.526942212891	0
4039.962893939562	0
4044.3988456662323	0
4048.8347973929026	0
4053.270749119574	0
4057.706700846244	0
4062.1426525729153	0
4066.5786042995855	0