00000001        0
00000002        0
00000003        0
00000004        0
00000005        0
00000006        0
00000007        0
00000008        0
00000009        0
00000010        0
00000011        0
00000012        0
00000013        0
00000014        0
00000015        0
00000016        0
00000017        0
00000018        0
00000019        0
00000020        0
00000021        0
00000022        0
00000023        0
00000024        0
00000025        0
00000026        0
00000027        0
00000028        0
00000029        0
00000030        0
00000031        0
00000032        0
00000033        0
00000034        0
00000035        0
00000036        0
00000037        0
00000038        1
00000039        0
00000040        2
00000041        0
00000042        0
00000043        2
00000044        0
00000045        3
00000046        1
00000047        1
00000048        1
00000049        1
00000050        3
00000051        2
00000052        2
00000053        2
00000054        3
00000055        3
00000056        3
00000057        1
00000058        2
00000059        1
00000060        1
00000061        0
00000062        2
00000063        2
00000064        1
00000065        1
00000066        2
00000067        4
00000068        3
00000069        2
00000070        0
00000071        4
00000072        2
00000073        1
00000074        1
00000075        5
00000076        1
00000077        4
00000078       12
00000079       19
00000080       48
00000081      146
00000082      462
00000083      825
00000084     1074
00000085     1197
00000086     1333
00000087     1454
00000088     1574
00000089     1723
00000090     1978
00000091     2261
00000092     2486
00000093     2604
00000094     2922
00000095     2977
00000096     3282
00000097     3364
00000098     3480
00000099     3591
00000100     3606
00000101     3647
00000102     3748
00000103     3816
00000104     3809
00000105     3895
00000106     3947
00000107     3842
00000108     3834
00000109     3701
00000110     3703
00000111     3625
00000112     3450
00000113     3209
00000114     2958
00000115     2868
00000116     2626
00000117     2541
00000118     2404
00000119     2299
00000120     2315
00000121     2146
00000122     1964
00000123     1868
00000124     1787
00000125     1644
00000126     1502
00000127     1412
00000128     1337
00000129     1303
00000130     1212
00000131     1181
00000132     1262
00000133     1195
00000134     1121
00000135     1137
00000136     1275
00000137     1263
00000138     1429
00000139     1557
00000140     1933
00000141     2398
00000142     3136
00000143     4089
00000144     4970
00000145     5656
00000146     5884
00000147     5503
00000148     4552
00000149     3321
00000150     2347
00000151     1479
00000152      991
00000153      802
00000154      680
00000155      678
00000156      599
00000157      562
00000158      603
00000159      580
00000160      605
00000161      584
00000162      548
00000163      586
00000164      600
00000165      544
00000166      534
00000167      446
00000168      443
00000169      417
00000170      409
00000171      388
00000172      383
00000173      367
00000174      375
00000175      402
00000176      375
00000177      387
00000178      399
00000179      366
00000180      391
00000181      386
00000182      361
00000183      357
00000184      349
00000185      381
00000186      358
00000187      397
00000188      327
00000189      364
00000190      359
00000191      335
00000192      374
00000193      386
00000194      352
00000195      424
00000196      369
00000197      353
00000198      389
00000199      374
00000200      389
00000201      341
00000202      349
00000203      340
00000204      362
00000205      337
00000206      300
00000207      293
00000208      293
00000209      267
00000210      268
00000211      228
00000212      197
00000213      214
00000214      198
00000215      174
00000216      178
00000217      174
00000218      172
00000219      168
00000220      158
00000221      173
00000222      164
00000223      167
00000224      215
00000225      249
00000226      265
00000227      309
00000228      370
00000229      420
00000230      454
00000231      592
00000232      757
00000233      805
00000234      935
00000235      978
00000236     1029
00000237     1009
00000238      947
00000239      888
00000240      749
00000241      621
00000242      496
00000243      341
00000244      270
00000245      200
00000246      136
00000247      129
00000248       98
00000249       86
00000250       81
00000251       75
00000252       91
00000253       76
00000254       80
00000255       81
00000256       97
00000257       84
00000258      104
00000259       95
00000260       84
00000261       70
00000262       72
00000263       48
00000264       53
00000265       52
00000266       37
00000267       43
00000268       41
00000269       51
00000270       37
00000271       20
00000272       24
00000273       31
00000274       23
00000275       31
00000276       21
00000277       23
00000278       25
00000279       17
00000280       14
00000281       18
00000282       16
00000283       20
00000284       25
00000285       19
00000286       14
00000287       25
00000288       20
00000289       13
00000290       15
00000291       14
00000292       22
00000293       22
00000294       24
00000295       19
00000296       18
00000297       19
00000298       20
00000299       18
00000300       22
00000301       30
00000302       17
00000303       22
00000304       17
00000305       19
00000306       10
00000307        7
00000308       10
00000309        8
00000310       11
00000311        6
00000312        7
00000313        7
00000314        6
00000315        8
00000316        4
00000317        6
00000318        2
00000319        5
00000320        8
00000321        6
00000322       15
00000323        5
00000324        6
00000325        5
00000326        6
00000327       11
00000328        3
00000329        5
00000330        6
00000331        6
00000332        5
00000333        4
00000334        8
00000335       10
00000336        7
00000337        8
00000338        8
00000339        3
00000340        7
00000341        7
00000342        7
00000343        1
00000344        0
00000345        7
00000346        6
00000347        6
00000348        5
00000349        4
00000350        5
00000351        7
00000352        4
00000353        4
00000354        7
00000355        9
00000356        3
00000357        4
00000358        1
00000359        8
00000360        5
00000361        1
00000362        4
00000363        6
00000364        8
00000365        2
00000366        0
00000367        3
00000368        6
00000369        1
00000370        3
00000371        4
00000372        6
00000373        0
00000374        3
00000375        5
00000376        6
00000377        3
00000378        3
00000379        3
00000380        5
00000381        4
00000382        3
00000383        2
00000384        3
00000385        9
00000386        5
00000387       10
00000388        7
00000389        2
00000390        4
00000391        6
00000392        6
00000393        6
00000394        7
00000395        1
00000396        5
00000397        4
00000398        5
00000399        5
00000400        0