00000001        0
00000002        0
00000003        0
00000004        0
00000005        0
00000006        0
00000007        0
00000008        0
00000009        0
00000010        0
00000011        0
00000012        0
00000013        0
00000014        0
00000015        0
00000016        0
00000017        0
00000018        1
00000019        1
00000020        0
00000021        1
00000022        0
00000023        2
00000024        1
00000025        1
00000026        0
00000027        1
00000028        1
00000029        0
00000030        1
00000031        3
00000032        1
00000033        0
00000034        3
00000035        3
00000036        3
00000037        5
00000038        3
00000039        6
00000040       11
00000041        2
00000042        8
00000043        5
00000044       14
00000045       11
00000046        8
00000047        4
00000048       13
00000049       11
00000050       12
00000051       12
00000052       12
00000053       11
00000054        7
00000055        7
00000056       12
00000057       11
00000058       12
00000059       16
00000060        7
00000061       11
00000062       15
00000063       17
00000064       24
00000065       17
00000066       26
00000067       22
00000068       12
00000069       14
00000070       22
00000071       20
00000072       15
00000073       26
00000074       34
00000075       36
00000076       50
00000077       64
00000078       94
00000079      136
00000080      221
00000081      392
00000082      733
00000083     1153
00000084     1623
00000085     1776
00000086     1992
00000087     2062
00000088     2267
00000089     2383
00000090     2450
00000091     2533
00000092     2708
00000093     2699
00000094     2801
00000095     2845
00000096     2966
00000097     2907
00000098     3084
00000099     3147
00000100     3108
00000101     3241
00000102     3328
00000103     3415
00000104     3517
00000105     3579
00000106     3772
00000107     3769
00000108     3644
00000109     3541
00000110     3530
00000111     3389
00000112     3510
00000113     3448
00000114     3413
00000115     3313
00000116     3226
00000117     3301
00000118     3152
00000119     3157
00000120     3085
00000121     3065
00000122     2992
00000123     2859
00000124     2884
00000125     2651
00000126     2520
00000127     2336
00000128     2131
00000129     2081
00000130     2002
00000131     2034
00000132     1997
00000133     1918
00000134     1982
00000135     2020
00000136     2249
00000137     2419
00000138     2885
00000139     3360
00000140     4179
00000141     5374
00000142     6816
00000143     9007
00000144    11208
00000145    13380
00000146    14906
00000147    15438
00000148    14539
00000149    12722
00000150    10299
00000151     7953
00000152     6078
00000153     4698
00000154     4090
00000155     3399
00000156     3205
00000157     3018
00000158     2778
00000159     2779
00000160     2494
00000161     2580
00000162     2456
00000163     2439
00000164     2330
00000165     2260
00000166     2238
00000167     2187
00000168     2198
00000169     2113
00000170     2104
00000171     1969
00000172     2003
00000173     1936
00000174     1910
00000175     1910
00000176     1761
00000177     1843
00000178     1892
00000179     1730
00000180     1768
00000181     1682
00000182     1609
00000183     1622
00000184     1595
00000185     1616
00000186     1586
00000187     1491
00000188     1468
00000189     1520
00000190     1477
00000191     1421
00000192     1432
00000193     1437
00000194     1446
00000195     1449
00000196     1395
00000197     1395
00000198     1384
00000199     1379
00000200     1351
00000201     1328
00000202     1347
00000203     1337
00000204     1285
00000205     1345
00000206     1303
00000207     1252
00000208     1230
00000209     1258
00000210     1198
00000211     1130
00000212     1170
00000213     1094
00000214     1057
00000215      986
00000216     1030
00000217      959
00000218      994
00000219      870
00000220      957
00000221      918
00000222      862
00000223      863
00000224      919
00000225      965
00000226      915
00000227      991
00000228     1053
00000229     1169
00000230     1241
00000231     1272
00000232     1464
00000233     1566
00000234     1761
00000235     1882
00000236     2053
00000237     2048
00000238     2086
00000239     2064
00000240     2046
00000241     1917
00000242     1793
00000243     1643
00000244     1504
00000245     1402
00000246     1312
00000247     1181
00000248     1079
00000249     1098
00000250     1038
00000251     1036
00000252      993
00000253     1013
00000254     1045
00000255      998
00000256      906
00000257      958
00000258      982
00000259      934
00000260      955
00000261      984
00000262      923
00000263      923
00000264      902
00000265      907
00000266      908
00000267      871
00000268      870
00000269      920
00000270      837
00000271      839
00000272      763
00000273      769
00000274      727
00000275      762
00000276      698
00000277      700
00000278      675
00000279      648
00000280      542
00000281      572
00000282      539
00000283      528
00000284      542
00000285      514
00000286      523
00000287      498
00000288      464
00000289      511
00000290      490
00000291      608
00000292      663
00000293      709
00000294      730
00000295      812
00000296      913
00000297      979
00000298     1119
00000299     1206
00000300     1217
00000301     1195
00000302     1232
00000303     1193
00000304     1220
00000305     1113
00000306      921
00000307      878
00000308      746
00000309      681
00000310      554
00000311      492
00000312      447
00000313      379
00000314      350
00000315      351
00000316      318
00000317      308
00000318      276
00000319      236
00000320      235
00000321      272
00000322      218
00000323      226
00000324      215
00000325      204
00000326      222
00000327      250
00000328      220
00000329      191
00000330      237
00000331      171
00000332      177
00000333      173
00000334      171
00000335      179
00000336      175
00000337      160
00000338      151
00000339      134
00000340      115
00000341      147
00000342      135
00000343      104
00000344      123
00000345      115
00000346      112
00000347      115
00000348       90
00000349      123
00000350      107
00000351      102
00000352       98
00000353       90
00000354       95
00000355       92
00000356      100
00000357       84
00000358       86
00000359      104
00000360       83
00000361       83
00000362       81
00000363       79
00000364       83
00000365       77
00000366       79
00000367       52
00000368       65
00000369       64
00000370       57
00000371       69
00000372       62
00000373       48
00000374       47
00000375       60
00000376       47
00000377       54
00000378       45
00000379       46
00000380       43
00000381       45
00000382       47
00000383       40
00000384       40
00000385       38
00000386       43
00000387       45
00000388       42
00000389       32
00000390       40
00000391       29
00000392       30
00000393       30
00000394       31
00000395       34
00000396       35
00000397       33
00000398       40
00000399       23
00000400       27
00000401       28
00000402       29
00000403       29
00000404       30
00000405       31
00000406       27
00000407       28
00000408       24
00000409       31
00000410       18
00000411       22
00000412       28
00000413       20
00000414       27
00000415       24
00000416       19
00000417       22
00000418       24
00000419       13
00000420       19
00000421       16
00000422        7
00000423       22
00000424       17
00000425       19
00000426        8
00000427       20
00000428        9
00000429       20
00000430       12
00000431       20
00000432        8
00000433       12
00000434       23
00000435       27
00000436        8
00000437       14
00000438       16
00000439        9
00000440       12
00000441       13
00000442       10
00000443       15
00000444       12
00000445       15
00000446        8
00000447       10
00000448       16
00000449       14
00000450       13
00000451        6
00000452       16
00000453        7
00000454       13
00000455        4
00000456        8
00000457        5
00000458        8
00000459       11
00000460       10
00000461       10
00000462        8
00000463        7
00000464        4
00000465        7
00000466        8
00000467       13
00000468        5
00000469        6
00000470        6
00000471        8
00000472        4
00000473        3
00000474        1
00000475        5
00000476       11
00000477        4
00000478        6
00000479        5
00000480        5
00000481        7
00000482        3
00000483        6
00000484        4
00000485        5
00000486        3
00000487        8
00000488        7
00000489        5
00000490        6
00000491        2
00000492        2
00000493        8
00000494        6
00000495        5
00000496        1
00000497        5
00000498        3
00000499        3
00000500        3
00000501        2
00000502        3
00000503        2
00000504        4
00000505        2
00000506        0
00000507        3
00000508        3
00000509        2
00000510        1
00000511        2
00000512        2
00000513        1
00000514        4
00000515        4
00000516        2
00000517        2
00000518        1
00000519        2
00000520        2
00000521        2
00000522        1
00000523        2
00000524        2
00000525        1
00000526        1
00000527        1
00000528        0
00000529        0
00000530        1
00000531        4
00000532        0
00000533        2
00000534        3
00000535        0
00000536        1
00000537        0
00000538        2
00000539        0
00000540        0
00000541        3
00000542        3
00000543        0
00000544        1
00000545        1
00000546        0
00000547        1
00000548        0
00000549        0
00000550        0
00000551        0
00000552        0
00000553        0
00000554        0
00000555        0
00000556        0
00000557        1
00000558        0
00000559        0
00000560        1
00000561        0
00000562        1
00000563        0
00000564        1
00000565        1
00000566        0
00000567        0
00000568        1
00000569        0
00000570        0
00000571        0
00000572        0
00000573        0
00000574        0
00000575        2
00000576        2
00000577        1
00000578        3
00000579        0
00000580        1
00000581        0
00000582        2
00000583        0
00000584        0
00000585        0
00000586        0
00000587        0
00000588        0
00000589        0
00000590        0
00000591        0
00000592        0
00000593        0
00000594        0
00000595        0
00000596        0
00000597        1
00000598        0
00000599        0
00000600        0
00000601        0
00000602        1
00000603        2
00000604        1
00000605        1
00000606        0
00000607        1
00000608        0
00000609        0
00000610        0
00000611        0
00000612        0
00000613        1
00000614        0
00000615        0
00000616        0
00000617        0
00000618        1
00000619        0
00000620        1
00000621        0
00000622        1
00000623        0
00000624        0
00000625        0
00000626        0
00000627        0
00000628        0
00000629        0
00000630        0
00000631        0
00000632        1
00000633        1
00000634        0
00000635        1
00000636        0
00000637        0
00000638        0
00000639        0
00000640        0
00000641        0
00000642        0
00000643        0
00000644        1
00000645        0
00000646        0
00000647        1
00000648        0
00000649        0
00000650        1
00000651        1
00000652        1
00000653        0
00000654        0
00000655        0
00000656        0
00000657        1
00000658        0
00000659        0
00000660        0
00000661        0
00000662        0
00000663        0
00000664        1
00000665        0
00000666        2
00000667        0
00000668        0
00000669        0
00000670        0
00000671        2
00000672        0
00000673        0
00000674        0
00000675        0
00000676        0
00000677        0
00000678        0
00000679        1
00000680        0
00000681        0
00000682        0
00000683        0
00000684        0
00000685        0
00000686        0
00000687        0
00000688        0
00000689        0
00000690        1
00000691        0
00000692        0
00000693        0
00000694        0
00000695        0
00000696        0
00000697        0
00000698        1
00000699        0
00000700        0
00000701        0
00000702        0
00000703        0
00000704        0
00000705        0
00000706        1
00000707        0
00000708        0
00000709        0
00000710        0
00000711        0
00000712        0
00000713        0
00000714        0
00000715        0
00000716        0
00000717        1
00000718        0
00000719        0
00000720        0
00000721        0
00000722        0
00000723        1
00000724        0
00000725        0
00000726        0
00000727        1
00000728        0
00000729        0
00000730        0
00000731        1
00000732        1
00000733        0
00000734        0
00000735        0
00000736        1
00000737        0
00000738        0
00000739        0
00000740        0
00000741        0
00000742        0
00000743        0
00000744        0
00000745        0
00000746        0
00000747        0
00000748        0
00000749        0
00000750        0
00000751        0
00000752        0
00000753        0
00000754        0
00000755        0
00000756        0
00000757        0
00000758        0
00000759        0
00000760        0
00000761        0
00000762        0
00000763        0
00000764        0
00000765        0
00000766        0
00000767        0
00000768        0
00000769        0
00000770        0
00000771        0
00000772        0
00000773        0
00000774        0
00000775        0
00000776        0
00000777        0
00000778        0
00000779        0
00000780        0
00000781        0
00000782        0
00000783        1
00000784        1
00000785        0
00000786        0
00000787        0
00000788        0
00000789        0
00000790        0
00000791        0
00000792        0
00000793        0
00000794        0
00000795        0
00000796        0
00000797        0
00000798        0
00000799        0
00000800        0
00000801        0
00000802        0
00000803        2
00000804        0
00000805        0
00000806        0
00000807        0
00000808        1
00000809        0
00000810        0
00000811        0
00000812        0
00000813        0
00000814        0
00000815        0
00000816        0
00000817        0
00000818        0
00000819        0
00000820        0
00000821        0
00000822        0
00000823        0
00000824        0
00000825        0
00000826        0
00000827        0
00000828        0
00000829        0
00000830        0
00000831        0
00000832        1
00000833        0
00000834        0
00000835        0
00000836        0
00000837        0
00000838        0
00000839        0
00000840        0
00000841        0
00000842        0
00000843        0
00000844        0
00000845        0
00000846        0
00000847        0
00000848        0
00000849        0
00000850        0
00000851        0
00000852        0
00000853        0
00000854        0
00000855        0
00000856        1
00000857        0
00000858        0
00000859        0
00000860        1
00000861        1
00000862        0
00000863        0
00000864        0
00000865        1
00000866        0
00000867        0
00000868        0
00000869        0
00000870        0
00000871        0
00000872        0
00000873        0
00000874        0
00000875        0
00000876        0
00000877        0
00000878        0
00000879        0
00000880        0
00000881        0
00000882        0
00000883        0
00000884        0
00000885        0
00000886        0
00000887        0
00000888        0
00000889        0
00000890        0
00000891        0
00000892        0
00000893        0
00000894        1
00000895        0
00000896        0
00000897        0
00000898        0
00000899        0
00000900        0
00000901        0
00000902        0
00000903        0
00000904        0
00000905        0
00000906        0
00000907        0
00000908        0
00000909        0
00000910        0
00000911        0
00000912        0
00000913        0
00000914        0
00000915        0
00000916        0
00000917        0
00000918        0
00000919        0
00000920        0
00000921        0
00000922        1
00000923        0
00000924        0
00000925        0
00000926        0
00000927        0
00000928        0
00000929        0
00000930        0
00000931        1
00000932        0
00000933        0
00000934        0
00000935        1
00000936        0
00000937        0
00000938        0
00000939        0
00000940        0
00000941        0
00000942        0
00000943        0
00000944        0
00000945        0
00000946        0
00000947        0
00000948        0
00000949        0
00000950        0
00000951        0
00000952        0
00000953        0
00000954        0
00000955        0
00000956        0
00000957        0
00000958        0
00000959        0
00000960        0
00000961        0
00000962        0
00000963        0
00000964        0
00000965        0
00000966        0
00000967        0
00000968        0
00000969        0
00000970        1
00000971        0
00000972        0
00000973        0
00000974        0
00000975        0
00000976        0
00000977        0
00000978        0
00000979        0
00000980        0
00000981        0
00000982        0
00000983        0
00000984        0
00000985        0
00000986        0
00000987        0
00000988        0
00000989        0
00000990        0
00000991        0
00000992        0
00000993        0
00000994        0
00000995        0
00000996        0
00000997        0
00000998        0
00000999  